16,174
16,173
16,172
16,171
16,170
16,169
16,168
16,167
16,166
16,165
16,164
16,163
16,162
16,161
16,160
16,159
16,158
16,157
16,156
16,155
16,154
16,153
16,152
16,151
16,150
16,149
16,148
16,147
16,146
16,145
16,144
16,143
16,142
16,141
16,140
16,139
16,138
16,137
16,136
16,135
16,134
16,133
16,69
16,68
16,67
16,66
16,65
16,64
16,60
16,54
16,49
16,47
16,45
16,43
16,41
16,39
16,38
16,37
16,36
16,35
16,34
16,33
16,32
16,31
16,30
16,28
16,26
16,24
16,23
16,22
16,21
16,20
16,19
16,18
16,16
16,14
16,13
16,12
16,9
16,8
16,7
16,6
16,5
16,4
16,3
16,2
16,1
16,0
6,3
6,2
6,1
6,0
4,3
3,6
3,5
3,4
3,3
3,2
2,2
1,2
0,408
0,322
0,243
0,0
0,1
2,3
1,3
20,3
0,9
0,310
0,305
0,308
0,304
0,303
0,302
0,307
0,12
0,10
0,8
0,437
0,300
0,436
0,299
0,435
0,298
0,434
0,297
0,433
0,296
0,432
0,295
0,431
0,294
0,430
0,293
0,429
0,292
0,428
0,291
0,452
0,290
0,451
0,289
0,450
0,288
0,424
0,287
0,423
0,286
0,449
0,285
0,421
0,284
0,420
0,283
0,448
0,282
0,418
0,281
0,417
0,280
0,416
0,279
0,415
0,278
0,414
0,277
0,413
0,276
0,412
0,275
0,411
0,274
16,175
16,176
16,178
16,179
16,181
16,182
16,184
16,186
16,187
16,189
16,190
16,276
16,280
16,283
16,288
16,289
16,312
16,413
16,418
16,420
16,421
16,423
16,424
16,426
16,428
16,429
16,431
16,432
16,434
16,435
16,437
16,439
16,440
16,442
16,443
16,445
16,447
16,590
16,592
16,593
16,595
16,596
16,598
16,600
16,601
16,603
16,604
16,606
16,608
16,609
16,611
16,612
16,614
16,616
16,617
16,619
16,620
16,622
16,623
16,625
16,627
16,628
16,630
16,631
16,633
16,635
16,636
16,638
16,639
20,1
20,2
21,0
21,2
21,3
22,1
22,2
22,4
23,1
23,2
24,0
24,1
24,3
25,0
25,2
25,4
26,0
26,2
26,3
27,0
27,2
27,3
28,0
28,1
28,3
29,1
29,2
30,0
30,1
30,3
31,0
31,2
32,0
32,1
32,3
33,0
33,2
34,0
34,1
34,3
35,0
35,2
35,3
36,1
36,3
36,4
37,1
37,2
38,0
38,2
38,3
39,1
39,2
39,4
40,0
40,2
40,4
41,0
41,2
41,3
41,4
41,1
40,3
40,1
39,3
39,0
38,1
37,3
37,0
36,2
36,0
35,1
34,2
33,3
33,1
32,2
31,3
31,1
30,2
29,3
29,0
28,2
27,4
27,1
26,4
26,1
25,3
25,1
24,2
23,3
23,0
22,3
22,0
21,1
20,4
20,0
16,637
16,634
16,632
16,629
16,626
16,624
16,621
16,618
16,615
16,613
16,610
16,607
16,605
16,602
16,599
16,597
16,594
16,591
16,446
16,444
16,441
16,438
16,436
16,433
16,430
16,427
16,425
16,422
16,419
16,416
16,310
16,284
16,279
16,191
16,188
16,185
16,183
16,180
16,177
0,410
0,273
0,409
0,272
0,407
0,271
0,406
0,270
0,405
0,269
0,404
0,268
0,403
0,267
0,402
0,266
0,401
0,265
0,400
0,264
0,399
0,263
0,398
0,262
0,374
0,261
0,373
0,260
0,372
0,259
0,371
0,258
0,370
0,257
0,369
0,256
0,368
0,255
0,367
0,254
0,366
0,253
0,397
0,252
0,396
0,251
0,364
0,250
0,363
0,249
0,365
0,248
0,362
0,247
0,361
0,246
0,360
0,245
0,359
0,244
0,358
0,242
0,357
0,241
0,395
0,240
0,394
0,239
0,356
0,238
0,355
0,237
0,354
0,236
0,393
0,235
0,352
0,234
0,351
0,233
0,353
0,232
0,350
0,231
0,349
0,230
0,348
0,229
0,347
0,228
0,346
0,227
0,345
0,226
0,392
0,225
0,391
0,224
0,344
0,223
0,343
0,222
0,342
0,221
0,341
0,220
0,390
0,219
0,389
0,218
0,340
0,217
0,339
0,216
0,388
0,215
0,387
0,214
0,386
0,213
0,338
0,212
0,337
0,211
0,385
0,210
0,384
0,209
0,383
0,208
0,336
0,207
0,335
0,206
0,378
0,205
0,382
0,204
0,377
0,203
0,334
0,202
0,333
0,201
0,376
0,200
0,375
0,199
0,381
0,198
0,332
0,197
0,331
0,196
0,380
0,195
0,379
0,194
0,329
0,193
0,328
0,192
0,327
0,63
0,326
0,62
0,325
0,61
0,324
0,60
0,323
0,59
0,321
0,58
0,320
0,57
0,319
0,56
0,318
0,55
0,317
0,54
0,330
0,53
0,52
0,453
0,51
0,314
0,50
0,464
0,49
0,312
0,48
0,311
0,47
0,309
0,46
0,306
0,45
0,301
0,6
0,5
0,11
0,4
0,2
0,3
0,7
